0.000000
-0.000985
-0.001968
-0.002948
-0.003939
-0.004908
-0.005896
-0.006872
-0.007873
-0.008839
-0.009807
-0.010788
-0.011781
-0.012783
-0.013734
-0.014735
-0.015728
-0.016669
-0.017667
-0.018647
-0.019557
-0.020534
-0.021520
-0.022508
-0.023523
-0.024496
-0.025489
-0.026387
-0.027348
-0.028327
-0.029306
-0.030302
-0.031290
-0.032218
-0.033149
-0.034124
-0.035084
-0.036049
-0.037054
-0.038026
-0.038859
-0.039757
-0.040725
-0.041692
-0.042607
-0.043574
-0.044520
-0.045498
-0.046450
-0.047444
-0.048375
-0.049370
-0.050299
-0.051132
-0.052039
-0.052945
-0.053865
-0.054783
-0.055731
-0.056649
-0.057560
-0.058487
-0.059426
-0.060328
-0.061250
-0.062188
-0.063127
-0.063983
-0.064824
-0.065696
-0.066592
-0.067474
-0.068291
-0.069241
-0.070133
-0.071009
-0.071968
-0.072792
-0.073704
-0.074575
-0.075422
-0.076312
-0.077034
-0.077855
-0.078666
-0.079432
-0.080298
-0.081111
-0.081900
-0.082818
-0.083618
-0.084443
-0.085294
-0.086188
-0.086987
-0.087764
-0.088591
-0.089403
-0.090280
-0.091131
-0.091905
-0.092655
-0.093535
-0.094278
-0.095113
-0.095962
-0.096776
-0.097510
-0.098311
-0.099087
-0.099937
-0.100659
-0.101317
-0.102143
-0.102777
-0.103399
-0.104143
-0.104840
-0.105533
-0.106315
-0.106994
-0.107683
-0.108400
-0.109068
-0.109743
-0.110458
-0.111154
-0.111866
-0.112508
-0.113275
-0.113937
-0.114615
-0.115315
-0.116020
-0.116757
-0.117282
-0.117981
-0.118572
-0.119313
-0.119908
-0.120555
-0.121251
-0.121822
-0.122475
-0.123083
-0.123695
-0.124374
-0.124962
-0.125547
-0.126187
-0.126748
-0.127398
-0.127788
-0.128377
-0.128804
-0.129431
-0.129910
-0.130541
-0.130937
-0.131470
-0.131997
-0.132564
-0.133049
-0.133596
-0.134028
-0.134461
-0.135061
-0.135582
-0.135998
-0.136493
-0.136918
-0.137443
-0.137986
-0.138502
-0.138910
-0.139298
-0.139719
-0.140321
-0.140597
-0.141030
-0.141448
-0.141905
-0.142355
-0.142686
-0.143102
-0.143588
-0.143867
-0.144314
-0.144733
-0.145119
-0.145356
-0.145886
-0.146240
-0.146599
-0.146708
-0.147239
-0.147582
-0.147913
-0.148125
-0.148549
-0.148677
-0.149149
-0.149475
-0.149718
-0.149943
-0.150452
-0.150481
-0.150806
-0.151074
-0.151356
-0.151591
-0.151848
-0.152228
-0.152304
-0.152678
-0.152771
-0.152918
-0.153031
-0.153337
-0.153509
-0.153432
-0.153680
-0.153788
-0.154030
-0.154118
-0.154304
-0.154489
-0.154652
-0.154618
-0.154788
-0.154961
-0.155155
-0.155092
-0.155264
-0.155292
-0.155364
-0.155547
-0.155622
-0.155709
-0.155616
-0.155919
-0.155645
-0.155952
-0.155919
-0.155966
-0.155998
-0.156022
-0.156054
-0.156147
-0.156020
-0.155983
-0.156084
-0.156069
-0.156064
-0.155994
-0.155813
-0.155895
-0.156011
-0.155834
-0.155817
-0.155857
-0.155670
-0.155610
-0.155530
-0.155423
-0.155482
-0.155347
-0.155169
-0.155076
-0.154936
-0.154891
-0.154839
-0.154680
-0.154508
-0.154335
-0.154221
-0.154115
-0.153977
-0.153770
-0.153576
-0.153400
-0.153341
-0.153109
-0.153240
-0.152827
-0.152681
-0.152574
-0.152181
-0.151912
-0.151668
-0.151512
-0.151316
-0.150956
-0.150741
-0.150540
-0.150208
-0.149888
-0.149636
-0.149329
-0.149186
-0.148769
-0.148329
-0.148003
-0.147748
-0.147268
-0.147068
-0.146582
-0.146380
-0.146004
-0.145542
-0.145216
-0.144852
-0.144494
-0.144102
-0.143653
-0.143345
-0.142882
-0.142534
-0.142123
-0.141675
-0.141317
-0.140759
-0.140492
-0.139885
-0.139524
-0.138975
-0.138597
-0.138121
-0.137766
-0.137229
-0.136793
-0.136261
-0.135807
-0.135310
-0.134875
-0.134212
-0.133804
-0.133297
-0.132792
-0.132241
-0.131751
-0.131264
-0.130700
-0.130189
-0.129611
-0.129097
-0.128590
-0.127987
-0.127639
-0.127078
-0.126505
-0.125877
-0.125304
-0.124617
-0.124082
-0.123462
-0.122755
-0.122128
-0.121528
-0.120892
-0.120258
-0.119540
-0.118925
-0.118284
-0.117611
-0.116950
-0.116259
-0.115603
-0.114974
-0.114271
-0.113642
-0.112948
-0.112241
-0.111482
-0.110773
-0.110175
-0.109409
-0.108773
-0.107996
-0.107328
-0.106649
-0.105920
-0.105130
-0.104476
-0.103757
-0.103103
-0.102460
-0.101825
-0.101081
-0.100246
-0.099443
-0.098704
-0.097879
-0.097160
-0.096362
-0.095531
-0.094745
-0.093926
-0.093083
-0.092309
-0.091409
-0.090672
-0.089801
-0.089050
-0.088205
-0.087420
-0.086501
-0.085666
-0.084944
-0.084015
-0.083171
-0.082339
-0.081520
-0.080687
-0.079827
-0.079048
-0.078225
-0.077382
-0.076606
-0.075908
-0.074996
-0.074155
-0.073244
-0.072380
-0.071461
-0.070560
-0.069689
-0.068754
-0.067976
-0.067011
-0.066151
-0.065248
-0.064409
-0.063608
-0.062673
-0.061735
-0.060790
-0.059888
-0.058939
-0.057999
-0.057118
-0.056179
-0.055229
-0.054300
-0.053391
-0.052488
-0.051594
-0.050801
-0.049849
-0.048860
-0.047904
-0.046956
-0.045971
-0.044998
-0.044069
-0.043089
-0.042092
-0.041204
-0.040233
-0.039304
-0.038417
-0.037510
-0.036516
-0.035531
-0.034576
-0.033611
-0.032686
-0.031797
-0.030791
-0.029785
-0.028814
-0.027824
-0.026880
-0.025926
-0.024999
-0.024003
-0.022986
-0.022002
-0.021015
-0.020065
-0.019137
-0.018148
-0.017154
-0.016205
-0.015224
-0.014225
-0.013235
-0.012297
-0.011287
-0.010288
-0.009339
-0.008346
-0.007367
-0.006390
-0.005397
-0.004423
-0.003435
-0.002451
-0.001474
-0.000493
0.000492
0.001474
0.002452
0.003435
0.004423
0.005392
0.006389
0.007367
0.008345
0.009341
0.010283
0.011287
0.012285
0.013240
0.014223
0.015225
0.016193
0.017156
0.018147
0.019113
0.020063
0.021020
0.022011
0.022993
0.024009
0.024991
0.025919
0.026875
0.027841
0.028817
0.029793
0.030800
0.031796
0.032687
0.033628
0.034586
0.035533
0.036515
0.037561
0.038418
0.039301
0.040190
0.041217
0.042111
0.043097
0.044066
0.044987
0.045962
0.046931
0.047915
0.048871
0.049849
0.050803
0.051594
0.052472
0.053405
0.054301
0.055224
0.056178
0.057115
0.058005
0.058940
0.059892
0.060787
0.061728
0.062676
0.063624
0.064419
0.065236
0.066161
0.067004
0.067974
0.068809
0.069689
0.070566
0.071428
0.072366
0.073256
0.074130
0.075012
0.075970
0.076626
0.077401
0.078242
0.079041
0.079916
0.080694
0.081522
0.082433
0.083197
0.084125
0.084893
0.085659
0.086508
0.087424
0.088178
0.089095
0.089800
0.090673
0.091440
0.092299
0.093079
0.093929
0.094740
0.095554
0.096344
0.097145
0.097925
0.098722
0.099451
0.100322
0.101094
0.101815
0.102445
0.103051
0.103789
0.104511
0.105189
0.105918
0.106629
0.107345
0.108007
0.108819
0.109428
0.110146
0.110915
0.111487
0.112247
0.112942
0.113657
0.114254
0.114956
0.115601
0.116275
0.116999
0.117619
0.118236
0.118956
0.119527
0.120274
0.120850
0.121522
0.122104
0.122766
0.123449
0.124066
0.124629
0.125210
0.125874
0.126513
0.127105
0.127642
0.128136
0.128507
0.129108
0.129617
0.130175
0.130672
0.131218
0.131706
0.132247
0.132778
0.133282
0.133741
0.134289
0.134802
0.135315
0.135832
0.136277
0.136762
0.137218
0.137792
0.138159
0.138622
0.138928
0.139526
0.139920
0.140420
0.140827
0.141325
0.141724
0.142055
0.142535
0.142872
0.143341
0.143713
0.144108
0.144395
0.144881
0.145150
0.145571
0.145939
0.146361
0.146547
0.147007
0.147291
0.147735
0.147971
0.148372
0.148790
0.148922
0.149327
0.149619
0.149788
0.150164
0.150557
0.150728
0.150941
0.151317
0.151510
0.151702
0.151998
0.152168
0.152438
0.152620
0.152899
0.152990
0.153041
0.153323
0.153359
0.153643
0.153802
0.153939
0.154132
0.154260
0.154302
0.154518
0.154710
0.154816
0.154900
0.154918
0.154997
0.155219
0.155339
0.155328
0.155591
0.155524
0.155710
0.155813
0.155777
0.155785
0.155829
0.156017
0.155906
0.155801
0.155878
0.156100
0.156042
0.156069
0.155994
0.156026
0.156142
0.156033
0.156045
0.156004
0.155965
0.155919
0.155858
0.155693
0.155875
0.155612
0.155793
0.155623
0.155546
0.155453
0.155355
0.155291
0.155082
0.155020
0.155007
0.154858
0.154684
0.154567
0.154443
0.154231
0.154142
0.154054
0.153808
0.153684
0.153397
0.153517
0.153275
0.153148
0.152899
0.152760
0.152677
0.152447
0.152119
0.152022
0.151585
0.151385
0.151063
0.150827
0.150575
0.150271
0.149962
0.149820
0.149497
0.149138
0.148661
0.148586
0.148169
0.147893
0.147559
0.147263
0.146745
0.146541
0.146231
0.145937
0.145445
0.145070
0.144777
0.144322
0.144031
0.143582
0.143162
0.142684
0.142374
0.141910
0.141483
0.141092
0.140612
0.140237
0.139721
0.139321
0.138918
0.138466
0.137985
0.137486
0.136875
0.136475
0.135973
0.135595
0.135043
0.134561
0.133958
0.133563
0.132932
0.132524
0.131967
0.131493
0.130900
0.130390
0.129889
0.129410
0.128797
0.128327
0.127835
0.127374
0.126746
0.126115
0.125513
0.124938
0.124341
0.123693
0.123091
0.122599
0.121831
0.121147
0.120596
0.119920
0.119271
0.118583
0.117971
0.117300
0.116774
0.115941
0.115276
0.114642
0.113925
0.113270
0.112510
0.111889
0.111211
0.110470
0.109781
0.109098
0.108471
0.107741
0.106968
0.106260
0.105548
0.104883
0.104138
0.103390
0.102818
0.102165
0.101441
0.100663
0.099869
0.099112
0.098283
0.097511
0.096756
0.095939
0.095138
0.094283
0.093543
0.092655
0.091924
0.091088
0.090267
0.089451
0.088630
0.087722
0.086922
0.086171
0.085351
0.084489
0.083604
0.082823
0.081961
0.081128
0.080279
0.079428
0.078670
0.077843
0.077036
0.076392
0.075452
0.074569
0.073669
0.072787
0.071874
0.070993
0.070143
0.069240
0.068275
0.067472
0.066591
0.065663
0.064825
0.063978
0.063126
0.062187
0.061236
0.060370
0.059389
0.058510
0.057562
0.056632
0.055726
0.054765
0.053867
0.052940
0.052040
0.051154
0.050331
0.049361
0.048395
0.047444
0.046452
0.045502
0.044511
0.043581
0.042608
0.041645
0.040727
0.039756
0.038862
0.037982
0.037058
0.036069
0.035082
0.034115
0.033122
0.032228
0.031288
0.030296
0.029311
0.028333
0.027375
0.026405
0.025497
0.024505
0.023520
0.022498
0.021516
0.020537
0.019589
0.018656
0.017655
0.016669
0.015732
0.014727
0.013731
0.012784
0.011784
0.010781
0.009806
0.008843
0.007872
0.006873
0.005895
0.004910
0.003938
0.002949
0.001967
0.000984
0.000000
