0.000000
-0.000985
-0.001970
-0.002952
-0.003940
-0.004916
-0.005903
-0.006871
-0.007878
-0.008844
-0.009827
-0.010810
-0.011796
-0.012780
-0.013723
-0.014719
-0.015735
-0.016671
-0.017651
-0.018650
-0.019624
-0.020586
-0.021570
-0.022554
-0.023512
-0.024507
-0.025499
-0.026402
-0.027337
-0.028338
-0.029307
-0.030307
-0.031303
-0.032229
-0.033158
-0.034108
-0.035090
-0.036028
-0.037032
-0.038007
-0.038985
-0.039883
-0.040798
-0.041740
-0.042687
-0.043654
-0.044604
-0.045533
-0.046562
-0.047437
-0.048391
-0.049342
-0.050313
-0.051144
-0.052011
-0.052965
-0.053813
-0.054750
-0.055656
-0.056657
-0.057574
-0.058502
-0.059394
-0.060355
-0.061293
-0.062224
-0.063157
-0.064006
-0.064799
-0.065711
-0.066598
-0.067466
-0.068327
-0.069238
-0.070132
-0.070993
-0.071872
-0.072804
-0.073680
-0.074562
-0.075511
-0.076329
-0.077148
-0.078005
-0.078962
-0.079605
-0.080491
-0.081292
-0.082217
-0.082976
-0.083896
-0.084610
-0.085472
-0.086343
-0.087181
-0.087956
-0.088812
-0.089620
-0.090358
-0.091154
-0.091915
-0.092857
-0.093615
-0.094363
-0.095239
-0.095984
-0.096787
-0.097630
-0.098395
-0.099099
-0.099928
-0.100699
-0.101460
-0.102106
-0.102687
-0.103409
-0.104137
-0.104798
-0.105502
-0.106198
-0.106895
-0.107555
-0.108362
-0.109061
-0.109700
-0.110459
-0.111150
-0.111948
-0.112581
-0.113198
-0.113984
-0.114673
-0.115301
-0.115975
-0.116630
-0.117386
-0.117934
-0.118591
-0.119248
-0.119986
-0.120625
-0.121294
-0.121822
-0.122634
-0.123103
-0.123818
-0.124435
-0.124956
-0.125635
-0.126299
-0.126815
-0.127377
-0.127784
-0.128254
-0.128767
-0.129348
-0.129887
-0.130401
-0.130966
-0.131505
-0.132028
-0.132524
-0.132992
-0.133560
-0.134007
-0.134530
-0.135060
-0.135538
-0.136025
-0.136399
-0.136987
-0.137472
-0.137901
-0.138376
-0.138837
-0.139271
-0.139731
-0.140179
-0.140620
-0.141101
-0.141415
-0.141868
-0.142281
-0.142670
-0.143079
-0.143564
-0.143936
-0.144219
-0.144687
-0.145081
-0.145466
-0.145748
-0.146114
-0.146506
-0.146825
-0.147206
-0.147654
-0.147858
-0.148212
-0.148530
-0.148823
-0.149161
-0.149431
-0.149721
-0.150017
-0.150339
-0.150609
-0.150828
-0.151123
-0.151453
-0.151658
-0.151809
-0.152225
-0.152284
-0.152591
-0.152822
-0.152970
-0.153308
-0.153356
-0.153559
-0.153706
-0.153888
-0.154016
-0.154233
-0.154389
-0.154653
-0.154583
-0.154820
-0.154961
-0.155103
-0.155245
-0.155310
-0.155510
-0.155596
-0.155691
-0.155869
-0.155880
-0.155917
-0.155970
-0.156157
-0.156146
-0.156255
-0.156267
-0.156444
-0.156326
-0.156292
-0.156326
-0.156511
-0.156438
-0.156449
-0.156398
-0.156476
-0.156336
-0.156403
-0.156378
-0.156387
-0.156270
-0.156387
-0.156214
-0.156161
-0.156107
-0.156031
-0.155964
-0.155848
-0.155726
-0.155745
-0.155578
-0.155595
-0.155403
-0.155227
-0.155187
-0.155009
-0.154887
-0.154822
-0.154601
-0.154457
-0.154184
-0.154241
-0.154006
-0.153921
-0.153648
-0.153492
-0.153236
-0.153051
-0.152925
-0.152681
-0.152537
-0.152193
-0.152131
-0.151822
-0.151601
-0.151251
-0.150974
-0.150700
-0.150602
-0.150208
-0.149838
-0.149564
-0.149302
-0.149026
-0.148690
-0.148323
-0.148086
-0.147717
-0.147294
-0.146978
-0.146699
-0.146341
-0.145881
-0.145611
-0.145251
-0.144819
-0.144435
-0.144051
-0.143664
-0.143383
-0.142961
-0.142470
-0.142136
-0.141668
-0.141380
-0.140828
-0.140424
-0.139911
-0.139503
-0.139139
-0.138620
-0.138152
-0.137672
-0.137225
-0.136745
-0.136301
-0.135809
-0.135272
-0.134803
-0.134325
-0.133982
-0.133306
-0.132803
-0.132277
-0.131732
-0.131248
-0.130672
-0.130129
-0.129608
-0.129123
-0.128501
-0.128093
-0.127663
-0.127111
-0.126589
-0.125909
-0.125350
-0.124692
-0.124137
-0.123391
-0.122767
-0.122182
-0.121717
-0.120987
-0.120415
-0.119604
-0.118934
-0.118273
-0.117730
-0.117044
-0.116296
-0.115678
-0.114995
-0.114334
-0.113598
-0.112867
-0.112171
-0.111525
-0.110802
-0.110099
-0.109486
-0.108789
-0.108083
-0.107392
-0.106633
-0.105867
-0.105209
-0.104329
-0.103757
-0.103108
-0.102335
-0.101912
-0.101098
-0.100274
-0.099485
-0.098782
-0.097881
-0.097124
-0.096356
-0.095673
-0.094877
-0.094096
-0.093289
-0.092392
-0.091556
-0.090818
-0.090143
-0.089335
-0.088327
-0.087527
-0.086741
-0.085860
-0.085156
-0.084238
-0.083437
-0.082588
-0.081712
-0.080885
-0.080043
-0.079202
-0.078530
-0.077581
-0.076769
-0.075937
-0.075019
-0.074146
-0.073240
-0.072322
-0.071466
-0.070565
-0.069685
-0.068799
-0.067913
-0.067039
-0.066147
-0.065245
-0.064393
-0.063623
-0.062688
-0.061739
-0.060830
-0.059852
-0.058957
-0.058055
-0.057093
-0.056150
-0.055222
-0.054350
-0.053389
-0.052476
-0.051587
-0.050785
-0.049820
-0.048880
-0.047919
-0.046954
-0.046007
-0.045107
-0.044138
-0.043241
-0.042237
-0.041274
-0.040388
-0.039402
-0.038471
-0.037535
-0.036552
-0.035576
-0.034595
-0.033638
-0.032681
-0.031796
-0.030808
-0.029811
-0.028827
-0.027853
-0.026852
-0.025917
-0.025009
-0.024003
-0.023029
-0.022061
-0.021061
-0.020101
-0.019140
-0.018146
-0.017160
-0.016191
-0.015233
-0.014230
-0.013237
-0.012303
-0.011298
-0.010315
-0.009341
-0.008347
-0.007370
-0.006388
-0.005405
-0.004421
-0.003435
-0.002459
-0.001476
-0.000492
0.000493
0.001476
0.002457
0.003436
0.004422
0.005405
0.006388
0.007374
0.008347
0.009341
0.010315
0.011298
0.012303
0.013220
0.014230
0.015243
0.016191
0.017162
0.018139
0.019138
0.020092
0.021057
0.022058
0.023029
0.024003
0.025013
0.025917
0.026852
0.027853
0.028827
0.029811
0.030821
0.031796
0.032681
0.033637
0.034595
0.035566
0.036552
0.037535
0.038471
0.039373
0.040388
0.041284
0.042228
0.043260
0.044138
0.045107
0.046007
0.046954
0.047919
0.048911
0.049851
0.050785
0.051587
0.052476
0.053393
0.054243
0.055222
0.056147
0.057108
0.058046
0.058991
0.059852
0.060830
0.061739
0.062672
0.063623
0.064437
0.065265
0.066147
0.067039
0.067913
0.068785
0.069677
0.070565
0.071479
0.072322
0.073224
0.074146
0.075019
0.075937
0.076769
0.077536
0.078530
0.079184
0.080043
0.080885
0.081799
0.082754
0.083375
0.084203
0.085156
0.085860
0.086735
0.087527
0.088327
0.089335
0.090143
0.090818
0.091614
0.092414
0.093289
0.094096
0.094877
0.095673
0.096356
0.097124
0.097881
0.098782
0.099536
0.100301
0.101098
0.101912
0.102335
0.103108
0.103757
0.104329
0.105209
0.105867
0.106633
0.107392
0.108083
0.108789
0.109508
0.110099
0.110802
0.111525
0.112171
0.112926
0.113598
0.114334
0.114995
0.115678
0.116296
0.117044
0.117730
0.118273
0.118934
0.119604
0.120415
0.120987
0.121717
0.122182
0.122753
0.123391
0.124137
0.124692
0.125246
0.125909
0.126589
0.127096
0.127663
0.128076
0.128507
0.129100
0.129646
0.130129
0.130698
0.131248
0.131732
0.132277
0.132777
0.133306
0.133982
0.134325
0.134803
0.135272
0.135809
0.136301
0.136745
0.137225
0.137696
0.138152
0.138608
0.139125
0.139545
0.139942
0.140424
0.140798
0.141380
0.141688
0.142136
0.142500
0.142969
0.143383
0.143664
0.144051
0.144435
0.144800
0.145251
0.145611
0.145881
0.146228
0.146699
0.146978
0.147262
0.147610
0.148120
0.148323
0.148690
0.149026
0.149302
0.149589
0.149838
0.150208
0.150602
0.150700
0.150974
0.151251
0.151544
0.151822
0.152131
0.152193
0.152537
0.152681
0.152925
0.153051
0.153236
0.153492
0.153648
0.153921
0.154006
0.154241
0.154184
0.154457
0.154601
0.154822
0.154887
0.155009
0.155187
0.155227
0.155403
0.155595
0.155578
0.155745
0.155726
0.155848
0.155964
0.156031
0.156107
0.156161
0.156214
0.156387
0.156270
0.156387
0.156378
0.156403
0.156336
0.156476
0.156398
0.156449
0.156438
0.156511
0.156326
0.156331
0.156326
0.156444
0.156267
0.156195
0.156146
0.156157
0.155970
0.155917
0.155880
0.155903
0.155691
0.155596
0.155591
0.155310
0.155240
0.155127
0.154961
0.154820
0.154583
0.154653
0.154389
0.154233
0.154151
0.153888
0.153706
0.153559
0.153352
0.153308
0.152970
0.152822
0.152591
0.152284
0.152225
0.151809
0.151658
0.151453
0.151123
0.150828
0.150609
0.150352
0.150017
0.149721
0.149431
0.149130
0.148867
0.148530
0.148195
0.147858
0.147654
0.147206
0.146825
0.146506
0.146077
0.145748
0.145466
0.145081
0.144687
0.144219
0.143936
0.143564
0.143079
0.142670
0.142281
0.141868
0.141470
0.141101
0.140625
0.140179
0.139731
0.139271
0.138837
0.138376
0.137901
0.137472
0.136987
0.136399
0.136025
0.135538
0.135060
0.134530
0.134007
0.133560
0.133021
0.132524
0.132028
0.131505
0.130966
0.130401
0.129887
0.129348
0.128767
0.128254
0.127784
0.127377
0.126815
0.126299
0.125635
0.124956
0.124458
0.123818
0.123192
0.122474
0.121822
0.121294
0.120625
0.119986
0.119248
0.118616
0.117934
0.117281
0.116630
0.115975
0.115306
0.114630
0.113984
0.113198
0.112539
0.111948
0.111152
0.110450
0.109700
0.109036
0.108389
0.107555
0.106895
0.106198
0.105502
0.104864
0.104137
0.103409
0.102687
0.102099
0.101446
0.100709
0.099928
0.099099
0.098395
0.097550
0.096787
0.095956
0.095283
0.094523
0.093628
0.092857
0.091915
0.091154
0.090358
0.089620
0.088812
0.087956
0.087181
0.086267
0.085472
0.084610
0.083896
0.082976
0.082217
0.081292
0.080491
0.079605
0.078843
0.078005
0.077152
0.076285
0.075511
0.074562
0.073680
0.072804
0.071872
0.071006
0.070132
0.069234
0.068357
0.067466
0.066598
0.065711
0.064822
0.064006
0.063157
0.062229
0.061288
0.060355
0.059455
0.058487
0.057600
0.056642
0.055733
0.054700
0.053819
0.052965
0.052049
0.051146
0.050322
0.049348
0.048391
0.047437
0.046455
0.045547
0.044604
0.043654
0.042687
0.041740
0.040798
0.039883
0.038947
0.038036
0.036990
0.036028
0.035090
0.034115
0.033156
0.032227
0.031303
0.030281
0.029302
0.028333
0.027336
0.026401
0.025499
0.024507
0.023516
0.022554
0.021571
0.020586
0.019604
0.018648
0.017664
0.016671
0.015735
0.014725
0.013727
0.012780
0.011797
0.010810
0.009831
0.008842
0.007878
0.006872
0.005899
0.004917
0.003940
0.002953
0.001969
0.000984
0.000000
